First

1861
1892
1904
1904
1919
1936
1946
1958

1971
1994
2011
2026
2043
2062
2077

1473
1446
1441
1434
1425
1424
1418
1409
1409

1765
1767
1761
1759
1751
1760
1760
1761
1769

1415
1412
1406
1401
1399
1395
1392
1391
1391
1387
1392

2341
2365
2384
2395
2405
2420
2429
2455

1533
1535
1535
1535
1535
1535
1552

Second

2261
2266
2261
2272
2283
2287
2292

2171
2179
2198
2182
2224
2239
2240
2243
2241

1952
1950
1936
1911
1904
1906
1912
1919
1922

1285
1296
1297
1296
1300
1300
1301
1300
1298

1798
1808
1807
1804
1804
1809
1808
1811
1821
1821
1826
1824
1824

1726
1743
1746
1751
1758
1760
1766
1772

Third

3101
3120
3119
3109
3105
3114
3111
3129
3127

1925
1898
1881
1872
1874
1877
1885

2159
2187
2202
2176
2205
2205

1989
1978
1979
1979
1982
1983
1984
1989

1339
1426
1419
1421
1411
1411
1410
1410

1994
1975
1968
1968
1968
1968
1970
1971

Fourth

885
995
997
992
981
975
966
960

1296
1321
1308
1280
1256
1223
1205

1733
1763
1773
1783
1791
1797
1801

1021
990
974
960
947
943
943
931

962
960
958
955
951
944
941

1143
1141
1136
1129
1127
1122
1121
1113
1110

Fifth: 100kg pure dirt; 25kg stuff; 150kg pure dirt

1634
1702
1711
1712
1712
1712

2381
2389
2385
2384
2381
2373

1334
1328
1309
1294
1282
1277

1787
1746
1723
1707
1696
1680

1822
1855
1872
1881
1883
1891

2146
2154
2144
2157
2160
2160
2160
2167